13
-170 200
120 190
-320 70
-110 70
40 80
260 60
-30 -40
-310 -150
-130 -150
70 -150
260 -150
-360 -260
340 -260
2 2 3
2 4 5
3 0 3 7
5 0 2 4 6 8
5 1 3 5 6 9
3 1 4 10
4 3 4 8 9
3 2 8 11
4 3 6 7 9
4 4 6 8 10
3 5 9 12
1 7
1 10
0 0
3 3 4 1 429
1 2 198
1 3 143
2 3 4 293
3 3 4 5 513
2 3 6 279
2 2 7 418
2 3 8 363
3 3 6 9 427
4 3 6 9 10 617
3 2 7 11 538
5 3 6 9 10 12 753
3 4 3 0 429
0 0
3 4 3 2 496
2 4 3 286
1 4 136
1 5 191
2 4 6 274
4 4 6 8 7 602
3 4 6 8 422
2 4 9 367
2 5 10 401
5 4 6 8 7 11 722
3 5 10 12 537
1 0 198
3 3 4 1 496
0 0
1 3 210
2 3 4 360
3 3 4 5 580
2 3 6 346
1 7 220
2 7 8 400
3 3 6 9 494
4 3 6 9 10 684
2 7 11 340
5 3 6 9 10 12 820
1 0 143
2 4 1 286
1 2 210
0 0
1 4 150
2 4 5 370
1 6 136
2 8 7 400
1 8 220
2 6 9 284
3 6 9 10 474
3 8 7 11 520
4 6 9 10 12 610
2 3 0 293
1 1 136
2 3 2 360
1 3 150
0 0
1 5 220
1 6 138
3 6 8 7 466
2 6 8 286
1 9 231
2 9 10 421
4 6 8 7 11 586
3 9 10 12 557
3 4 3 0 513
1 1 191
3 4 3 2 580
2 4 3 370
1 4 220
0 0
2 4 6 358
4 4 6 8 7 686
3 4 6 8 506
2 10 9 400
1 10 210
5 4 6 8 7 11 806
2 10 12 346
2 3 0 279
2 4 1 274
2 3 2 346
1 3 136
1 4 138
2 4 5 358
0 0
2 8 7 328
1 8 148
1 9 148
2 9 10 338
3 8 7 11 448
3 9 10 12 474
2 2 0 418
4 8 6 4 1 602
1 2 220
2 8 3 400
3 8 6 4 466
4 8 6 4 5 686
2 8 6 328
0 0
1 8 180
2 8 9 380
3 8 9 10 570
1 11 120
4 8 9 10 12 706
2 3 0 363
3 6 4 1 422
2 7 2 400
1 3 220
2 6 4 286
3 6 4 5 506
1 6 148
1 7 180
0 0
1 9 200
2 9 10 390
2 7 11 300
3 9 10 12 526
3 6 3 0 427
2 4 1 367
3 6 3 2 494
2 6 3 284
1 4 231
2 10 5 400
1 6 148
2 8 7 380
1 8 200
0 0
1 10 190
3 8 7 11 500
2 10 12 326
4 9 6 3 0 617
2 5 1 401
4 9 6 3 2 684
3 9 6 3 474
2 9 4 421
1 5 210
2 9 6 338
3 9 8 7 570
2 9 8 390
1 9 190
0 0
4 9 8 7 11 690
1 12 136
3 7 2 0 538
5 7 8 6 4 1 722
2 7 2 340
3 7 8 3 520
4 7 8 6 4 586
5 7 8 6 4 5 806
3 7 8 6 448
1 7 120
2 7 8 300
3 7 8 9 500
4 7 8 9 10 690
0 0
5 7 8 9 10 12 826
5 10 9 6 3 0 753
3 10 5 1 537
5 10 9 6 3 2 820
4 10 9 6 3 610
3 10 9 4 557
2 10 5 346
3 10 9 6 474
4 10 9 8 7 706
3 10 9 8 526
2 10 9 326
1 10 136
5 10 9 8 7 11 826
0 0