46
-217 1043
147 1037
365 983
619 1001
901 1011
-551 877
-39 881
-715 655
-41 663
715 589
-867 350
-399 350
-269 354
-35 360
219 354
361 348
607 352
-245 216
-5 204
187 210
-879 30
-403 17
-231 5
157 -7
361 -1
861 -25
-253 -219
-31 -199
205 -237
-847 -365
-403 -323
-275 -357
-33 -363
207 -359
369 -350
607 -356
-709 -658
-39 -648
721 -630
-479 -922
-45 -934
341 -968
637 -976
873 -994
-241 -1058
131 -1054
3 1 5 6
3 0 2 6
3 1 3 6
4 2 4 9 16
3 3 9 25
2 0 7
4 0 1 2 8
3 5 8 10
3 6 7 13
4 3 4 16 25
2 7 20
2 12 21
3 11 13 17
3 8 12 14
3 13 15 19
3 14 16 24
5 3 9 15 25 35
3 12 18 22
2 17 19
3 14 18 23
2 10 29
2 11 30
2 17 26
2 19 28
2 15 34
6 4 9 16 35 38 43
3 22 27 31
2 26 28
3 23 27 33
2 20 36
2 21 31
3 26 30 32
3 31 33 37
3 32 28 34
3 24 33 35
5 16 25 34 38 42
3 29 37 39
3 32 36 40
4 25 35 42 43
2 36 44
4 37 41 44 45
3 40 42 45
4 35 38 41 43
3 25 38 42
3 39 40 45
3 40 41 44
0 0
1 1 364
2 1 2 588
3 1 2 3 842
4 1 2 3 4 1124
1 5 372
1 6 240
2 5 7 648
2 6 8 458
4 1 2 3 9 1265
3 5 7 10 988
5 6 8 13 12 11 1125
4 6 8 13 12 995
3 6 8 13 761
4 6 8 13 14 1015
5 6 8 13 14 15 1157
6 6 8 13 14 15 16 1403
5 6 8 13 12 17 1135
6 6 8 13 14 19 18 1354
5 6 8 13 14 19 1162
4 5 7 10 20 1308
6 6 8 13 12 11 21 1458
6 6 8 13 12 17 22 1346
6 6 8 13 14 19 23 1381
6 6 8 13 14 15 24 1506
7 6 8 13 14 15 16 25 1857
7 6 8 13 12 17 22 26 1571
8 6 8 13 12 17 22 26 27 1793
7 6 8 13 14 19 23 28 1615
5 5 7 10 20 29 1704
7 6 8 13 12 11 21 30 1798
8 6 8 13 12 17 22 26 31 1710
9 6 8 13 12 17 22 26 31 32 1952
8 6 8 13 14 19 23 28 33 1737
7 6 8 13 14 15 24 34 1855
8 6 8 13 14 15 24 34 35 2093
6 5 7 10 20 29 36 2027
10 6 8 13 12 17 22 26 31 32 37 2237
9 6 8 13 14 15 24 34 35 38 2389
7 5 7 10 20 29 36 39 2377
11 6 8 13 12 17 22 26 31 32 37 40 2523
12 6 8 13 12 17 22 26 31 32 37 40 41 2910
9 6 8 13 14 15 24 34 35 42 2713
10 6 8 13 14 15 24 34 35 38 43 2783
8 5 7 10 20 29 36 39 44 2651
12 6 8 13 12 17 22 26 31 32 37 40 45 2736
1 0 364
0 0
1 2 224
2 2 3 478
3 2 3 4 760
2 0 5 736
1 6 242
3 0 5 7 1012
2 6 8 460
3 2 3 9 901
4 0 5 7 10 1352
5 6 8 13 12 11 1127
4 6 8 13 12 997
3 6 8 13 763
4 6 8 13 14 1017
5 6 8 13 14 15 1159
3 2 3 16 1127
5 6 8 13 12 17 1137
6 6 8 13 14 19 18 1356
5 6 8 13 14 19 1164
5 0 5 7 10 20 1672
6 6 8 13 12 11 21 1460
6 6 8 13 12 17 22 1348
6 6 8 13 14 19 23 1383
6 6 8 13 14 15 24 1508
4 2 3 9 25 1532
7 6 8 13 12 17 22 26 1573
8 6 8 13 12 17 22 26 27 1795
7 6 8 13 14 19 23 28 1617
6 0 5 7 10 20 29 2068
7 6 8 13 12 11 21 30 1800
8 6 8 13 12 17 22 26 31 1712
9 6 8 13 12 17 22 26 31 32 1954
8 6 8 13 14 19 23 28 33 1739
7 6 8 13 14 15 24 34 1857
4 2 3 16 35 1835
7 0 5 7 10 20 29 36 2391
10 6 8 13 12 17 22 26 31 32 37 2239
5 2 3 16 35 38 2131
8 0 5 7 10 20 29 36 39 2741
11 6 8 13 12 17 22 26 31 32 37 40 2525
6 2 3 16 35 42 41 2751
5 2 3 16 35 42 2455
5 2 3 9 25 43 2501
12 6 8 13 12 17 22 26 31 32 37 40 44 2756
12 6 8 13 12 17 22 26 31 32 37 40 45 2738
2 1 0 588
1 1 224
0 0
1 3 254
2 3 4 536
3 1 0 5 960
1 6 416
4 1 0 5 7 1236
2 6 8 634
2 3 9 677
5 1 0 5 7 10 1576
5 6 8 13 12 11 1301
4 6 8 13 12 1171
3 6 8 13 937
4 6 8 13 14 1191
3 3 16 15 1149
2 3 16 903
5 6 8 13 12 17 1311
6 6 8 13 14 19 18 1530
5 6 8 13 14 19 1338
6 1 0 5 7 10 20 1896
6 6 8 13 12 11 21 1634
6 6 8 13 12 17 22 1522
6 6 8 13 14 19 23 1557
4 3 16 15 24 1498
3 3 9 25 1308
7 6 8 13 12 17 22 26 1747
8 6 8 13 12 17 22 26 27 1969
7 6 8 13 14 19 23 28 1791
7 1 0 5 7 10 20 29 2292
7 6 8 13 12 11 21 30 1974
8 6 8 13 12 17 22 26 31 1886
9 6 8 13 12 17 22 26 31 32 2128
8 6 8 13 14 19 23 28 33 1913
5 3 16 15 24 34 1847
3 3 16 35 1611
8 1 0 5 7 10 20 29 36 2615
10 6 8 13 12 17 22 26 31 32 37 2413
4 3 16 35 38 1907
9 1 0 5 7 10 20 29 36 39 2965
11 6 8 13 12 17 22 26 31 32 37 40 2699
5 3 16 35 42 41 2527
4 3 16 35 42 2231
4 3 9 25 43 2277
12 6 8 13 12 17 22 26 31 32 37 40 44 2930
6 3 16 35 42 41 45 2753
3 2 1 0 842
2 2 1 478
1 2 254
0 0
1 4 282
4 2 1 0 5 1214
2 2 6 670
5 2 1 0 5 7 1490
3 2 6 8 888
1 9 423
6 2 1 0 5 7 10 1830
6 2 6 8 13 12 11 1555
5 2 6 8 13 12 1425
4 2 6 8 13 1191
3 16 15 14 1037
2 16 15 895
1 16 649
6 2 6 8 13 12 17 1565
5 16 15 14 19 18 1376
4 16 15 14 19 1184
7 2 1 0 5 7 10 20 2150
7 2 6 8 13 12 11 21 1888
7 2 6 8 13 12 17 22 1776
5 16 15 14 19 23 1403
3 16 15 24 1244
2 9 25 1054
8 2 6 8 13 12 17 22 26 2001
7 16 15 14 19 23 28 27 1876
6 16 15 14 19 23 28 1637
8 2 1 0 5 7 10 20 29 2546
8 2 6 8 13 12 11 21 30 2228
9 2 6 8 13 12 17 22 26 31 2140
6 16 15 24 34 33 32 1995
5 16 15 24 34 33 1755
4 16 15 24 34 1593
2 16 35 1357
9 2 1 0 5 7 10 20 29 36 2869
7 16 15 24 34 33 32 37 2280
3 16 35 38 1653
10 16 15 24 34 33 32 37 40 44 39 3071
8 16 15 24 34 33 32 37 40 2566
4 16 35 42 41 2273
3 16 35 42 1977
3 9 25 43 2023
9 16 15 24 34 33 32 37 40 44 2797
5 16 35 42 41 45 2499
4 3 2 1 0 1124
3 3 2 1 760
2 3 2 536
1 3 282
0 0
5 3 2 1 0 5 1496
3 3 2 6 952
6 3 2 1 0 5 7 1772
4 3 2 6 8 1170
1 9 461
7 3 2 1 0 5 7 10 2112
7 9 16 15 14 13 12 11 1727
6 9 16 15 14 13 12 1597
5 9 16 15 14 13 1363
4 9 16 15 14 1109
3 9 16 15 967
2 9 16 721
7 9 16 15 14 19 18 17 1688
6 9 16 15 14 19 18 1448
5 9 16 15 14 19 1256
8 3 2 1 0 5 7 10 20 2432
8 9 16 15 14 13 12 11 21 2060
8 9 16 15 14 19 18 17 22 1899
6 9 16 15 14 19 23 1475
4 9 16 15 24 1316
1 25 1036
9 9 16 15 14 19 18 17 22 26 2124
8 9 16 15 14 19 23 28 27 1948
7 9 16 15 14 19 23 28 1709
9 3 2 1 0 5 7 10 20 29 2828
11 9 16 15 14 19 18 17 22 26 31 30 2395
10 9 16 15 14 19 18 17 22 26 31 2263
7 9 16 15 24 34 33 32 2067
6 9 16 15 24 34 33 1827
5 9 16 15 24 34 1665
3 9 16 35 1429
9 9 16 15 24 34 33 32 37 36 3022
8 9 16 15 24 34 33 32 37 2352
2 25 38 1656
11 9 16 15 24 34 33 32 37 40 44 39 3143
9 9 16 15 24 34 33 32 37 40 2638
4 25 38 42 41 2308
3 25 38 42 2012
2 25 43 2005
10 9 16 15 24 34 33 32 37 40 44 2869
5 25 38 42 41 45 2534
1 0 372
2 0 1 736
3 0 1 2 960
4 0 1 2 3 1214
5 0 1 2 3 4 1496
0 0
2 0 6 612
1 7 276
3 0 6 8 830
5 0 1 2 3 9 1637
2 7 10 616
6 0 6 8 13 12 11 1497
5 0 6 8 13 12 1367
4 0 6 8 13 1133
5 0 6 8 13 14 1387
6 0 6 8 13 14 15 1529
7 0 6 8 13 14 15 16 1775
6 0 6 8 13 12 17 1507
7 0 6 8 13 14 19 18 1726
6 0 6 8 13 14 19 1534
3 7 10 20 936
7 0 6 8 13 12 11 21 1830
7 0 6 8 13 12 17 22 1718
7 0 6 8 13 14 19 23 1753
7 0 6 8 13 14 15 24 1878
8 0 6 8 13 14 15 16 25 2229
8 0 6 8 13 12 17 22 26 1943
9 0 6 8 13 12 17 22 26 27 2165
8 0 6 8 13 14 19 23 28 1987
4 7 10 20 29 1332
8 0 6 8 13 12 11 21 30 2170
9 0 6 8 13 12 17 22 26 31 2082
10 0 6 8 13 12 17 22 26 31 32 2324
9 0 6 8 13 14 19 23 28 33 2109
8 0 6 8 13 14 15 24 34 2227
9 0 6 8 13 14 15 24 34 35 2465
5 7 10 20 29 36 1655
6 7 10 20 29 36 37 2325
10 0 6 8 13 14 15 24 34 35 38 2761
6 7 10 20 29 36 39 2005
8 7 10 20 29 36 39 44 40 2510
9 7 10 20 29 36 39 44 45 41 2877
10 0 6 8 13 14 15 24 34 35 42 3085
11 0 6 8 13 14 15 24 34 35 38 43 3155
7 7 10 20 29 36 39 44 2279
8 7 10 20 29 36 39 44 45 2651
1 0 240
1 1 242
1 2 416
2 2 3 670
3 2 3 4 952
2 0 5 612
0 0
3 0 5 7 888
1 8 218
3 2 3 9 1093
4 0 5 7 10 1228
4 8 13 12 11 885
3 8 13 12 755
2 8 13 521
3 8 13 14 775
4 8 13 14 15 917
5 8 13 14 15 16 1163
4 8 13 12 17 895
5 8 13 14 19 18 1114
4 8 13 14 19 922
5 0 5 7 10 20 1548
5 8 13 12 11 21 1218
5 8 13 12 17 22 1106
5 8 13 14 19 23 1141
5 8 13 14 15 24 1266
6 8 13 14 15 16 25 1617
6 8 13 12 17 22 26 1331
7 8 13 12 17 22 26 27 1553
6 8 13 14 19 23 28 1375
6 0 5 7 10 20 29 1944
6 8 13 12 11 21 30 1558
7 8 13 12 17 22 26 31 1470
8 8 13 12 17 22 26 31 32 1712
7 8 13 14 19 23 28 33 1497
6 8 13 14 15 24 34 1615
7 8 13 14 15 24 34 35 1853
7 0 5 7 10 20 29 36 2267
9 8 13 12 17 22 26 31 32 37 1997
8 8 13 14 15 24 34 35 38 2149
8 0 5 7 10 20 29 36 39 2617
10 8 13 12 17 22 26 31 32 37 40 2283
11 8 13 12 17 22 26 31 32 37 40 41 2670
8 8 13 14 15 24 34 35 42 2473
9 8 13 14 15 24 34 35 38 43 2543
11 8 13 12 17 22 26 31 32 37 40 44 2514
11 8 13 12 17 22 26 31 32 37 40 45 2496
2 5 0 648
3 5 0 1 1012
4 5 0 1 2 1236
5 5 0 1 2 3 1490
6 5 0 1 2 3 4 1772
1 5 276
3 5 0 6 888
0 0
1 8 674
6 8 13 14 15 16 9 1879
1 10 340
4 8 13 12 11 1341
3 8 13 12 1211
2 8 13 977
3 8 13 14 1231
4 8 13 14 15 1373
5 8 13 14 15 16 1619
4 8 13 12 17 1351
5 8 13 14 19 18 1570
4 8 13 14 19 1378
2 10 20 660
5 8 13 12 11 21 1674
5 8 13 12 17 22 1562
5 8 13 14 19 23 1597
5 8 13 14 15 24 1722
6 8 13 14 15 16 25 2073
6 8 13 12 17 22 26 1787
7 8 13 12 17 22 26 27 2009
6 8 13 14 19 23 28 1831
3 10 20 29 1056
6 8 13 12 11 21 30 2014
7 8 13 12 17 22 26 31 1926
8 8 13 12 17 22 26 31 32 2168
7 8 13 14 19 23 28 33 1953
6 8 13 14 15 24 34 2071
7 8 13 14 15 24 34 35 2309
4 10 20 29 36 1379
5 10 20 29 36 37 2049
8 8 13 14 15 24 34 35 38 2605
5 10 20 29 36 39 1729
7 10 20 29 36 39 44 40 2234
8 10 20 29 36 39 44 45 41 2601
9 10 20 29 36 39 44 45 41 42 2897
9 8 13 14 15 24 34 35 38 43 2999
6 10 20 29 36 39 44 2003
7 10 20 29 36 39 44 45 2375
2 6 0 458
2 6 1 460
2 6 2 634
3 6 2 3 888
4 6 2 3 4 1170
3 6 0 5 830
1 6 218
1 7 674
0 0
5 13 14 15 16 9 1205
2 7 10 1014
3 13 12 11 667
2 13 12 537
1 13 303
2 13 14 557
3 13 14 15 699
4 13 14 15 16 945
3 13 12 17 677
4 13 14 19 18 896
3 13 14 19 704
3 7 10 20 1334
4 13 12 11 21 1000
4 13 12 17 22 888
4 13 14 19 23 923
4 13 14 15 24 1048
5 13 14 15 16 25 1399
5 13 12 17 22 26 1113
6 13 12 17 22 26 27 1335
5 13 14 19 23 28 1157
4 7 10 20 29 1730
5 13 12 11 21 30 1340
6 13 12 17 22 26 31 1252
7 13 12 17 22 26 31 32 1494
6 13 14 19 23 28 33 1279
5 13 14 15 24 34 1397
6 13 14 15 24 34 35 1635
5 7 10 20 29 36 2053
8 13 12 17 22 26 31 32 37 1779
7 13 14 15 24 34 35 38 1931
6 7 10 20 29 36 39 2403
9 13 12 17 22 26 31 32 37 40 2065
10 13 12 17 22 26 31 32 37 40 41 2452
7 13 14 15 24 34 35 42 2255
8 13 14 15 24 34 35 38 43 2325
10 13 12 17 22 26 31 32 37 40 44 2296
10 13 12 17 22 26 31 32 37 40 45 2278
4 3 2 1 0 1265
3 3 2 1 901
2 3 2 677
1 3 423
1 4 461
5 3 2 1 0 5 1637
3 3 2 6 1093
6 16 15 14 13 8 7 1879
5 16 15 14 13 8 1205
0 0
7 16 15 14 13 8 7 10 2219
6 16 15 14 13 12 11 1266
5 16 15 14 13 12 1136
4 16 15 14 13 902
3 16 15 14 648
2 16 15 506
1 16 260
6 16 15 14 19 18 17 1227
5 16 15 14 19 18 987
4 16 15 14 19 795
8 16 15 14 13 8 7 10 20 2539
7 16 15 14 13 12 11 21 1599
7 16 15 14 19 18 17 22 1438
5 16 15 14 19 23 1014
3 16 15 24 855
1 25 631
8 16 15 14 19 18 17 22 26 1663
7 16 15 14 19 23 28 27 1487
6 16 15 14 19 23 28 1248
9 16 15 24 34 33 32 37 36 29 2884
10 16 15 14 19 18 17 22 26 31 30 1934
9 16 15 14 19 18 17 22 26 31 1802
6 16 15 24 34 33 32 1606
5 16 15 24 34 33 1366
4 16 15 24 34 1204
2 16 35 968
8 16 15 24 34 33 32 37 36 2561
7 16 15 24 34 33 32 37 1891
2 25 38 1251
10 16 15 24 34 33 32 37 40 44 39 2682
8 16 15 24 34 33 32 37 40 2177
4 16 35 42 41 1884
3 16 35 42 1588
2 25 43 1600
9 16 15 24 34 33 32 37 40 44 2408
5 16 35 42 41 45 2110
3 7 5 0 988
4 7 5 0 1 1352
5 7 5 0 1 2 1576
6 7 5 0 1 2 3 1830
7 7 5 0 1 2 3 4 2112
2 7 5 616
4 7 5 0 6 1228
1 7 340
2 7 8 1014
7 7 8 13 14 15 16 9 2219
0 0
5 7 8 13 12 11 1681
4 7 8 13 12 1551
3 7 8 13 1317
4 7 8 13 14 1571
5 7 8 13 14 15 1713
6 7 8 13 14 15 16 1959
5 7 8 13 12 17 1691
6 7 8 13 14 19 18 1910
5 7 8 13 14 19 1718
1 20 320
6 7 8 13 12 11 21 2014
6 7 8 13 12 17 22 1902
6 7 8 13 14 19 23 1937
6 7 8 13 14 15 24 2062
7 7 8 13 14 15 16 25 2413
7 7 8 13 12 17 22 26 2127
8 7 8 13 12 17 22 26 27 2349
7 7 8 13 14 19 23 28 2171
2 20 29 716
7 7 8 13 12 11 21 30 2354
6 20 29 36 37 32 31 2236
5 20 29 36 37 32 1994
6 20 29 36 37 32 33 2234
7 20 29 36 37 32 33 34 2396
8 20 29 36 37 32 33 34 35 2634
3 20 29 36 1039
4 20 29 36 37 1709
9 20 29 36 39 44 45 41 42 38 2913
4 20 29 36 39 1389
6 20 29 36 39 44 40 1894
7 20 29 36 39 44 45 41 2261
8 20 29 36 39 44 45 41 42 2557
9 20 29 36 39 44 45 41 42 43 2793
5 20 29 36 39 44 1663
6 20 29 36 39 44 45 2035
5 12 13 8 6 0 1125
5 12 13 8 6 1 1127
5 12 13 8 6 2 1301
6 12 13 8 6 2 3 1555
7 12 13 14 15 16 9 4 1727
6 12 13 8 6 0 5 1497
4 12 13 8 6 885
4 12 13 8 7 1341
3 12 13 8 667
6 12 13 14 15 16 9 1266
5 12 13 8 7 10 1681
0 0
1 12 130
2 12 13 364
3 12 13 14 618
4 12 13 14 15 760
5 12 13 14 15 16 1006
2 12 17 270
3 12 17 18 510
4 12 17 18 19 702
6 12 13 8 7 10 20 2001
1 21 333
3 12 17 22 481
5 12 17 18 19 23 921
5 12 13 14 15 24 1109
6 12 13 14 15 16 25 1460
4 12 17 22 26 706
5 12 17 22 26 27 928
6 12 17 18 19 23 28 1155
7 21 30 31 32 37 36 29 2325
2 21 30 673
3 21 30 31 805
4 21 30 31 32 1047
7 12 17 18 19 23 28 33 1277
8 12 17 18 19 23 28 33 34 1439
9 12 17 18 19 23 28 33 34 35 1677
6 21 30 31 32 37 36 2002
5 21 30 31 32 37 1332
10 12 17 18 19 23 28 33 34 35 38 1973
8 21 30 31 32 37 40 44 39 2123
6 21 30 31 32 37 40 1618
7 21 30 31 32 37 40 41 2005
10 12 17 18 19 23 28 33 34 35 42 2297
11 12 17 18 19 23 28 33 34 35 38 43 2367
7 21 30 31 32 37 40 44 1849
7 21 30 31 32 37 40 45 1831
4 13 8 6 0 995
4 13 8 6 1 997
4 13 8 6 2 1171
5 13 8 6 2 3 1425
6 13 14 15 16 9 4 1597
5 13 8 6 0 5 1367
3 13 8 6 755
3 13 8 7 1211
2 13 8 537
5 13 14 15 16 9 1136
4 13 8 7 10 1551
1 11 130
0 0
1 13 234
2 13 14 488
3 13 14 15 630
4 13 14 15 16 876
1 17 140
2 17 18 380
3 17 18 19 572
5 13 8 7 10 20 1871
2 11 21 463
2 17 22 351
4 17 18 19 23 791
4 13 14 15 24 979
5 13 14 15 16 25 1330
3 17 22 26 576
4 17 22 26 27 798
5 17 18 19 23 28 1025
8 17 22 26 31 32 37 36 29 2235
3 11 21 30 803
4 17 22 26 31 715
5 17 22 26 31 32 957
6 17 18 19 23 28 33 1147
7 17 18 19 23 28 33 34 1309
8 17 18 19 23 28 33 34 35 1547
7 17 22 26 31 32 37 36 1912
6 17 22 26 31 32 37 1242
9 17 18 19 23 28 33 34 35 38 1843
9 17 22 26 31 32 37 40 44 39 2033
7 17 22 26 31 32 37 40 1528
8 17 22 26 31 32 37 40 41 1915
9 17 18 19 23 28 33 34 35 42 2167
10 17 18 19 23 28 33 34 35 38 43 2237
8 17 22 26 31 32 37 40 44 1759
8 17 22 26 31 32 37 40 45 1741
3 8 6 0 761
3 8 6 1 763
3 8 6 2 937
4 8 6 2 3 1191
5 14 15 16 9 4 1363
4 8 6 0 5 1133
2 8 6 521
2 8 7 977
1 8 303
4 14 15 16 9 902
3 8 7 10 1317
2 12 11 364
1 12 234
0 0
1 14 254
2 14 15 396
3 14 15 16 642
2 12 17 374
3 14 19 18 593
2 14 19 401
4 8 7 10 20 1637
3 12 11 21 697
3 12 17 22 585
3 14 19 23 620
3 14 15 24 745
4 14 15 16 25 1096
4 12 17 22 26 810
5 12 17 22 26 27 1032
4 14 19 23 28 854
5 8 7 10 20 29 2033
4 12 11 21 30 1037
5 12 17 22 26 31 949
6 12 17 22 26 31 32 1191
5 14 19 23 28 33 976
4 14 15 24 34 1094
5 14 15 24 34 35 1332
8 12 17 22 26 31 32 37 36 2146
7 12 17 22 26 31 32 37 1476
6 14 15 24 34 35 38 1628
10 12 17 22 26 31 32 37 40 44 39 2267
8 12 17 22 26 31 32 37 40 1762
9 12 17 22 26 31 32 37 40 41 2149
6 14 15 24 34 35 42 1952
7 14 15 24 34 35 38 43 2022
9 12 17 22 26 31 32 37 40 44 1993
9 12 17 22 26 31 32 37 40 45 1975
4 13 8 6 0 1015
4 13 8 6 1 1017
4 13 8 6 2 1191
3 15 16 3 1037
4 15 16 9 4 1109
5 13 8 6 0 5 1387
3 13 8 6 775
3 13 8 7 1231
2 13 8 557
3 15 16 9 648
4 13 8 7 10 1571
3 13 12 11 618
2 13 12 488
1 13 254
0 0
1 15 142
2 15 16 388
3 19 18 17 579
2 19 18 339
1 19 147
5 13 8 7 10 20 1891
4 13 12 11 21 951
4 19 18 17 22 790
2 19 23 366
2 15 24 491
3 15 16 25 842
5 19 18 17 22 26 1015
4 19 23 28 27 839
3 19 23 28 600
8 19 23 28 33 32 37 36 29 2240
7 19 18 17 22 26 31 30 1286
6 19 18 17 22 26 31 1154
5 19 23 28 33 32 962
4 19 23 28 33 722
3 15 24 34 840
4 15 24 34 35 1078
7 19 23 28 33 32 37 36 1917
6 19 23 28 33 32 37 1247
5 15 24 34 35 38 1374
9 19 23 28 33 32 37 40 44 39 2038
7 19 23 28 33 32 37 40 1533
8 19 23 28 33 32 37 40 41 1920
5 15 24 34 35 42 1698
6 15 24 34 35 38 43 1768
8 19 23 28 33 32 37 40 44 1764
8 19 23 28 33 32 37 40 45 1746
5 14 13 8 6 0 1157
5 14 13 8 6 1 1159
3 16 3 2 1149
2 16 3 895
3 16 9 4 967
6 14 13 8 6 0 5 1529
4 14 13 8 6 917
4 14 13 8 7 1373
3 14 13 8 699
2 16 9 506
5 14 13 8 7 10 1713
4 14 13 12 11 760
3 14 13 12 630
2 14 13 396
1 14 142
0 0
1 16 246
4 14 19 18 17 721
3 14 19 18 481
2 14 19 289
6 14 13 8 7 10 20 2033
5 14 13 12 11 21 1093
5 14 19 18 17 22 932
3 14 19 23 508
1 24 349
2 16 25 700
6 14 19 18 17 22 26 1157
5 14 19 23 28 27 981
4 14 19 23 28 742
7 24 34 33 32 37 36 29 2378
8 14 19 18 17 22 26 31 30 1428
7 14 19 18 17 22 26 31 1296
4 24 34 33 32 1100
3 24 34 33 860
2 24 34 698
3 24 34 35 936
6 24 34 33 32 37 36 2055
5 24 34 33 32 37 1385
4 24 34 35 38 1232
8 24 34 33 32 37 40 44 39 2176
6 24 34 33 32 37 40 1671
5 24 34 35 42 41 1852
4 24 34 35 42 1556
5 24 34 35 38 43 1626
7 24 34 33 32 37 40 44 1902
7 24 34 33 32 37 40 45 1884
6 15 14 13 8 6 0 1403
3 3 2 1 1127
2 3 2 903
1 3 649
2 9 4 721
7 15 14 13 8 6 0 5 1775
5 15 14 13 8 6 1163
5 15 14 13 8 7 1619
4 15 14 13 8 945
1 9 260
6 15 14 13 8 7 10 1959
5 15 14 13 12 11 1006
4 15 14 13 12 876
3 15 14 13 642
2 15 14 388
1 15 246
0 0
5 15 14 19 18 17 967
4 15 14 19 18 727
3 15 14 19 535
7 15 14 13 8 7 10 20 2279
6 15 14 13 12 11 21 1339
6 15 14 19 18 17 22 1178
4 15 14 19 23 754
2 15 24 595
1 25 454
7 15 14 19 18 17 22 26 1403
6 15 14 19 23 28 27 1227
5 15 14 19 23 28 988
8 15 24 34 33 32 37 36 29 2624
9 15 14 19 18 17 22 26 31 30 1674
8 15 14 19 18 17 22 26 31 1542
5 15 24 34 33 32 1346
4 15 24 34 33 1106
3 15 24 34 944
1 35 708
7 15 24 34 33 32 37 36 2301
6 15 24 34 33 32 37 1631
2 35 38 1004
9 15 24 34 33 32 37 40 44 39 2422
7 15 24 34 33 32 37 40 1917
3 35 42 41 1624
2 35 42 1328
3 35 38 43 1398
8 15 24 34 33 32 37 40 44 2148
4 35 42 41 45 1850
5 12 13 8 6 0 1135
5 12 13 8 6 1 1137
5 12 13 8 6 2 1311
6 12 13 8 6 2 3 1565
7 18 19 14 15 16 9 4 1688
6 12 13 8 6 0 5 1507
4 12 13 8 6 895
4 12 13 8 7 1351
3 12 13 8 677
6 18 19 14 15 16 9 1227
5 12 13 8 7 10 1691
2 12 11 270
1 12 140
2 12 13 374
3 18 19 14 579
4 18 19 14 15 721
5 18 19 14 15 16 967
0 0
1 18 240
2 18 19 432
6 12 13 8 7 10 20 2011
3 12 11 21 603
1 22 211
3 18 19 23 651
5 18 19 14 15 24 1070
6 18 19 14 15 16 25 1421
2 22 26 436
3 22 26 27 658
4 18 19 23 28 885
7 22 26 31 32 37 36 29 2095
4 22 26 31 30 707
3 22 26 31 575
4 22 26 31 32 817
5 18 19 23 28 33 1007
6 18 19 23 28 33 34 1169
7 18 19 23 28 33 34 35 1407
6 22 26 31 32 37 36 1772
5 22 26 31 32 37 1102
8 18 19 23 28 33 34 35 38 1703
8 22 26 31 32 37 40 44 39 1893
6 22 26 31 32 37 40 1388
7 22 26 31 32 37 40 41 1775
8 18 19 23 28 33 34 35 42 2027
9 18 19 23 28 33 34 35 38 43 2097
7 22 26 31 32 37 40 44 1619
7 22 26 31 32 37 40 45 1601
6 19 14 13 8 6 0 1354
6 19 14 13 8 6 1 1356
6 19 14 13 8 6 2 1530
5 19 14 15 16 3 1376
6 19 14 15 16 9 4 1448
7 19 14 13 8 6 0 5 1726
5 19 14 13 8 6 1114
5 19 14 13 8 7 1570
4 19 14 13 8 896
5 19 14 15 16 9 987
6 19 14 13 8 7 10 1910
3 17 12 11 510
2 17 12 380
3 19 14 13 593
2 19 14 339
3 19 14 15 481
4 19 14 15 16 727
1 17 240
0 0
1 19 192
7 19 14 13 8 7 10 20 2230
4 17 12 11 21 843
2 17 22 451
2 19 23 411
4 19 14 15 24 830
5 19 14 15 16 25 1181
3 17 22 26 676
4 19 23 28 27 884
3 19 23 28 645
8 19 23 28 33 32 37 36 29 2285
5 17 22 26 31 30 947
4 17 22 26 31 815
5 19 23 28 33 32 1007
4 19 23 28 33 767
5 19 23 28 33 34 929
6 19 23 28 33 34 35 1167
7 19 23 28 33 32 37 36 1962
6 19 23 28 33 32 37 1292
7 19 23 28 33 34 35 38 1463
9 19 23 28 33 32 37 40 44 39 2083
7 19 23 28 33 32 37 40 1578
8 19 23 28 33 32 37 40 41 1965
7 19 23 28 33 34 35 42 1787
8 19 23 28 33 34 35 38 43 1857
8 19 23 28 33 32 37 40 44 1809
8 19 23 28 33 32 37 40 45 1791
5 14 13 8 6 0 1162
5 14 13 8 6 1 1164
5 14 13 8 6 2 1338
4 14 15 16 3 1184
5 14 15 16 9 4 1256
6 14 13 8 6 0 5 1534
4 14 13 8 6 922
4 14 13 8 7 1378
3 14 13 8 704
4 14 15 16 9 795
5 14 13 8 7 10 1718
4 18 17 12 11 702
3 18 17 12 572
2 14 13 401
1 14 147
2 14 15 289
3 14 15 16 535
2 18 17 432
1 18 192
0 0
6 14 13 8 7 10 20 2038
5 18 17 12 11 21 1035
3 18 17 22 643
1 23 219
3 14 15 24 638
4 14 15 16 25 989
4 18 17 22 26 868
3 23 28 27 692
2 23 28 453
7 23 28 33 32 37 36 29 2093
6 18 17 22 26 31 30 1139
5 18 17 22 26 31 1007
4 23 28 33 32 815
3 23 28 33 575
4 23 28 33 34 737
5 23 28 33 34 35 975
6 23 28 33 32 37 36 1770
5 23 28 33 32 37 1100
6 23 28 33 34 35 38 1271
8 23 28 33 32 37 40 44 39 1891
6 23 28 33 32 37 40 1386
7 23 28 33 32 37 40 41 1773
6 23 28 33 34 35 42 1595
7 23 28 33 34 35 38 43 1665
7 23 28 33 32 37 40 44 1617
7 23 28 33 32 37 40 45 1599
4 10 7 5 0 1308
5 10 7 5 0 1 1672
6 10 7 5 0 1 2 1896
7 10 7 5 0 1 2 3 2150
8 10 7 5 0 1 2 3 4 2432
3 10 7 5 936
5 10 7 5 0 6 1548
2 10 7 660
3 10 7 8 1334
8 10 7 8 13 14 15 16 9 2539
1 10 320
6 10 7 8 13 12 11 2001
5 10 7 8 13 12 1871
4 10 7 8 13 1637
5 10 7 8 13 14 1891
6 10 7 8 13 14 15 2033
7 10 7 8 13 14 15 16 2279
6 10 7 8 13 12 17 2011
7 10 7 8 13 14 19 18 2230
6 10 7 8 13 14 19 2038
0 0
7 10 7 8 13 12 11 21 2334
7 10 7 8 13 12 17 22 2222
7 10 7 8 13 14 19 23 2257
7 10 7 8 13 14 15 24 2382
8 29 36 37 32 33 34 35 25 2731
6 29 36 37 32 31 26 2055
7 29 36 37 32 33 28 27 2275
6 29 36 37 32 33 28 2036
1 29 396
6 29 36 37 32 31 30 2048
5 29 36 37 32 31 1916
4 29 36 37 32 1674
5 29 36 37 32 33 1914
6 29 36 37 32 33 34 2076
7 29 36 37 32 33 34 35 2314
2 29 36 719
3 29 36 37 1389
8 29 36 39 44 45 41 42 38 2593
3 29 36 39 1069
5 29 36 39 44 40 1574
6 29 36 39 44 45 41 1941
7 29 36 39 44 45 41 42 2237
8 29 36 39 44 45 41 42 43 2473
4 29 36 39 44 1343
5 29 36 39 44 45 1715
6 11 12 13 8 6 0 1458
6 11 12 13 8 6 1 1460
6 11 12 13 8 6 2 1634
7 11 12 13 8 6 2 3 1888
8 11 12 13 14 15 16 9 4 2060
7 11 12 13 8 6 0 5 1830
5 11 12 13 8 6 1218
5 11 12 13 8 7 1674
4 11 12 13 8 1000
7 11 12 13 14 15 16 9 1599
6 11 12 13 8 7 10 2014
1 11 333
2 11 12 463
3 11 12 13 697
4 11 12 13 14 951
5 11 12 13 14 15 1093
6 11 12 13 14 15 16 1339
3 11 12 17 603
4 11 12 17 18 843
5 11 12 17 18 19 1035
7 11 12 13 8 7 10 20 2334
0 0
4 11 12 17 22 814
6 11 12 17 18 19 23 1254
6 11 12 13 14 15 24 1442
7 30 31 32 33 34 35 25 1771
3 30 31 26 611
4 30 31 26 27 833
5 30 31 26 27 28 1072
6 30 31 32 37 36 29 1992
1 30 340
2 30 31 472
3 30 31 32 714
4 30 31 32 33 954
5 30 31 32 33 34 1116
6 30 31 32 33 34 35 1354
5 30 31 32 37 36 1669
4 30 31 32 37 999
7 30 31 32 33 34 35 38 1650
7 30 31 32 37 40 44 39 1790
5 30 31 32 37 40 1285
6 30 31 32 37 40 41 1672
7 30 31 32 37 40 41 42 1968
8 30 31 32 33 34 35 38 43 2044
6 30 31 32 37 40 44 1516
6 30 31 32 37 40 45 1498
6 17 12 13 8 6 0 1346
6 17 12 13 8 6 1 1348
6 17 12 13 8 6 2 1522
7 17 12 13 8 6 2 3 1776
8 17 18 19 14 15 16 9 4 1899
7 17 12 13 8 6 0 5 1718
5 17 12 13 8 6 1106
5 17 12 13 8 7 1562
4 17 12 13 8 888
7 17 18 19 14 15 16 9 1438
6 17 12 13 8 7 10 1902
3 17 12 11 481
2 17 12 351
3 17 12 13 585
4 17 18 19 14 790
5 17 18 19 14 15 932
6 17 18 19 14 15 16 1178
1 17 211
2 17 18 451
3 17 18 19 643
7 17 12 13 8 7 10 20 2222
4 17 12 11 21 814
0 0
4 17 18 19 23 862
6 17 18 19 14 15 24 1281
7 26 27 28 33 34 35 25 1625
1 26 225
2 26 27 447
3 26 27 28 686
6 26 31 32 37 36 29 1884
3 26 31 30 496
2 26 31 364
3 26 31 32 606
4 26 27 28 33 808
5 26 27 28 33 34 970
6 26 27 28 33 34 35 1208
5 26 31 32 37 36 1561
4 26 31 32 37 891
7 26 27 28 33 34 35 38 1504
7 26 31 32 37 40 44 39 1682
5 26 31 32 37 40 1177
6 26 31 32 37 40 41 1564
7 26 27 28 33 34 35 42 1828
8 26 27 28 33 34 35 38 43 1898
6 26 31 32 37 40 44 1408
6 26 31 32 37 40 45 1390
6 19 14 13 8 6 0 1381
6 19 14 13 8 6 1 1383
6 19 14 13 8 6 2 1557
5 19 14 15 16 3 1403
6 19 14 15 16 9 4 1475
7 19 14 13 8 6 0 5 1753
5 19 14 13 8 6 1141
5 19 14 13 8 7 1597
4 19 14 13 8 923
5 19 14 15 16 9 1014
6 19 14 13 8 7 10 1937
5 19 18 17 12 11 921
4 19 18 17 12 791
3 19 14 13 620
2 19 14 366
3 19 14 15 508
4 19 14 15 16 754
3 19 18 17 651
2 19 18 411
1 19 219
7 19 14 13 8 7 10 20 2257
6 19 18 17 12 11 21 1254
4 19 18 17 22 862
0 0
4 19 14 15 24 857
5 28 33 34 35 25 1173
3 28 27 26 695
2 28 27 473
1 28 234
6 28 33 32 37 36 29 1874
5 28 27 26 31 30 966
4 28 27 26 31 834
3 28 33 32 596
2 28 33 356
3 28 33 34 518
4 28 33 34 35 756
5 28 33 32 37 36 1551
4 28 33 32 37 881
5 28 33 34 35 38 1052
7 28 33 32 37 40 44 39 1672
5 28 33 32 37 40 1167
6 28 33 32 37 40 41 1554
5 28 33 34 35 42 1376
6 28 33 34 35 38 43 1446
6 28 33 32 37 40 44 1398
6 28 33 32 37 40 45 1380
6 15 14 13 8 6 0 1506
6 15 14 13 8 6 1 1508
4 15 16 3 2 1498
3 15 16 3 1244
4 15 16 9 4 1316
7 15 14 13 8 6 0 5 1878
5 15 14 13 8 6 1266
5 15 14 13 8 7 1722
4 15 14 13 8 1048
3 15 16 9 855
6 15 14 13 8 7 10 2062
5 15 14 13 12 11 1109
4 15 14 13 12 979
3 15 14 13 745
2 15 14 491
1 15 349
2 15 16 595
5 15 14 19 18 17 1070
4 15 14 19 18 830
3 15 14 19 638
7 15 14 13 8 7 10 20 2382
6 15 14 13 12 11 21 1442
6 15 14 19 18 17 22 1281
4 15 14 19 23 857
0 0
3 34 35 25 1004
5 34 33 28 27 26 1094
4 34 33 28 27 872
3 34 33 28 633
6 34 33 32 37 36 29 2029
5 34 33 32 31 30 1125
4 34 33 32 31 993
3 34 33 32 751
2 34 33 511
1 34 349
2 34 35 587
5 34 33 32 37 36 1706
4 34 33 32 37 1036
3 34 35 38 883
7 34 33 32 37 40 44 39 1827
5 34 33 32 37 40 1322
4 34 35 42 41 1503
3 34 35 42 1207
4 34 35 38 43 1277
6 34 33 32 37 40 44 1553
6 34 33 32 37 40 45 1535
7 16 15 14 13 8 6 0 1857
4 9 3 2 1 1532
3 9 3 2 1308
2 9 3 1054
1 4 1036
8 16 15 14 13 8 6 0 5 2229
6 16 15 14 13 8 6 1617
6 16 15 14 13 8 7 2073
5 16 15 14 13 8 1399
1 9 631
7 16 15 14 13 8 7 10 2413
6 16 15 14 13 12 11 1460
5 16 15 14 13 12 1330
4 16 15 14 13 1096
3 16 15 14 842
2 16 15 700
1 16 454
6 16 15 14 19 18 17 1421
5 16 15 14 19 18 1181
4 16 15 14 19 989
8 35 34 33 32 37 36 29 20 2731
7 35 34 33 32 31 30 21 1771
7 35 34 33 28 27 26 22 1625
5 35 34 33 28 23 1173
3 35 34 24 1004
0 0
6 35 34 33 28 27 26 1400
5 35 34 33 28 27 1178
4 35 34 33 28 939
7 35 34 33 32 37 36 29 2335
6 35 34 33 32 31 30 1431
5 35 34 33 32 31 1299
4 35 34 33 32 1057
3 35 34 33 817
2 35 34 655
1 35 417
6 35 34 33 32 37 36 2012
5 35 34 33 32 37 1342
1 38 620
8 35 34 33 32 37 40 44 39 2133
6 35 34 33 32 37 40 1628
3 38 42 41 1272
2 38 42 976
1 43 969
7 35 34 33 32 37 40 44 1859
4 38 42 41 45 1498
7 22 17 12 13 8 6 0 1571
7 22 17 12 13 8 6 1 1573
7 22 17 12 13 8 6 2 1747
8 22 17 12 13 8 6 2 3 2001
9 22 17 18 19 14 15 16 9 4 2124
8 22 17 12 13 8 6 0 5 1943
6 22 17 12 13 8 6 1331
6 22 17 12 13 8 7 1787
5 22 17 12 13 8 1113
8 22 17 18 19 14 15 16 9 1663
7 22 17 12 13 8 7 10 2127
4 22 17 12 11 706
3 22 17 12 576
4 22 17 12 13 810
5 22 17 18 19 14 1015
6 22 17 18 19 14 15 1157
7 22 17 18 19 14 15 16 1403
2 22 17 436
3 22 17 18 676
4 22 17 18 19 868
6 31 32 37 36 29 20 2055
3 31 30 21 611
1 22 225
3 27 28 23 695
5 27 28 33 34 24 1094
6 27 28 33 34 35 25 1400
0 0
1 27 222
2 27 28 461
5 31 32 37 36 29 1659
2 31 30 271
1 31 139
2 31 32 381
3 27 28 33 583
4 27 28 33 34 745
5 27 28 33 34 35 983
4 31 32 37 36 1336
3 31 32 37 666
6 27 28 33 34 35 38 1279
6 31 32 37 40 44 39 1457
4 31 32 37 40 952
5 31 32 37 40 41 1339
6 27 28 33 34 35 42 1603
7 27 28 33 34 35 38 43 1673
5 31 32 37 40 44 1183
5 31 32 37 40 45 1165
8 26 22 17 12 13 8 6 0 1793
8 26 22 17 12 13 8 6 1 1795
8 26 22 17 12 13 8 6 2 1969
7 28 23 19 14 15 16 3 1876
8 28 23 19 14 15 16 9 4 1948
9 26 22 17 12 13 8 6 0 5 2165
7 26 22 17 12 13 8 6 1553
7 26 22 17 12 13 8 7 2009
6 26 22 17 12 13 8 1335
7 28 23 19 14 15 16 9 1487
8 26 22 17 12 13 8 7 10 2349
5 26 22 17 12 11 928
4 26 22 17 12 798
5 26 22 17 12 13 1032
4 28 23 19 14 839
5 28 23 19 14 15 981
6 28 23 19 14 15 16 1227
3 26 22 17 658
4 28 23 19 18 884
3 28 23 19 692
7 28 33 32 37 36 29 20 2275
4 26 31 30 21 833
2 26 22 447
2 28 23 473
4 28 33 34 24 872
5 28 33 34 35 25 1178
1 26 222
0 0
1 28 239
6 28 33 32 37 36 29 1879
3 26 31 30 493
2 26 31 361
3 28 33 32 601
2 28 33 361
3 28 33 34 523
4 28 33 34 35 761
5 28 33 32 37 36 1556
4 28 33 32 37 886
5 28 33 34 35 38 1057
7 28 33 32 37 40 44 39 1677
5 28 33 32 37 40 1172
6 28 33 32 37 40 41 1559
5 28 33 34 35 42 1381
6 28 33 34 35 38 43 1451
6 28 33 32 37 40 44 1403
6 28 33 32 37 40 45 1385
7 23 19 14 13 8 6 0 1615
7 23 19 14 13 8 6 1 1617
7 23 19 14 13 8 6 2 1791
6 23 19 14 15 16 3 1637
7 23 19 14 15 16 9 4 1709
8 23 19 14 13 8 6 0 5 1987
6 23 19 14 13 8 6 1375
6 23 19 14 13 8 7 1831
5 23 19 14 13 8 1157
6 23 19 14 15 16 9 1248
7 23 19 14 13 8 7 10 2171
6 23 19 18 17 12 11 1155
5 23 19 18 17 12 1025
4 23 19 14 13 854
3 23 19 14 600
4 23 19 14 15 742
5 23 19 14 15 16 988
4 23 19 18 17 885
3 23 19 18 645
2 23 19 453
6 33 32 37 36 29 20 2036
5 27 26 31 30 21 1072
3 27 26 22 686
1 23 234
3 33 34 24 633
4 33 34 35 25 939
2 27 26 461
1 27 239
0 0
5 33 32 37 36 29 1640
4 27 26 31 30 732
3 27 26 31 600
2 33 32 362
1 33 122
2 33 34 284
3 33 34 35 522
4 33 32 37 36 1317
3 33 32 37 647
4 33 34 35 38 818
6 33 32 37 40 44 39 1438
4 33 32 37 40 933
5 33 32 37 40 41 1320
4 33 34 35 42 1142
5 33 34 35 38 43 1212
5 33 32 37 40 44 1164
5 33 32 37 40 45 1146
5 20 10 7 5 0 1704
6 20 10 7 5 0 1 2068
7 20 10 7 5 0 1 2 2292
8 20 10 7 5 0 1 2 3 2546
9 20 10 7 5 0 1 2 3 4 2828
4 20 10 7 5 1332
6 20 10 7 5 0 6 1944
3 20 10 7 1056
4 20 10 7 8 1730
9 36 37 32 33 34 24 15 16 9 2884
2 20 10 716
7 36 37 32 31 30 21 11 2325
8 36 37 32 31 26 22 17 12 2235
5 20 10 7 8 13 2033
8 36 37 32 33 28 23 19 14 2240
7 36 37 32 33 34 24 15 2378
8 36 37 32 33 34 24 15 16 2624
7 36 37 32 31 26 22 17 2095
8 36 37 32 33 28 23 19 18 2285
7 36 37 32 33 28 23 19 2093
1 20 396
6 36 37 32 31 30 21 1992
6 36 37 32 31 26 22 1884
6 36 37 32 33 28 23 1874
6 36 37 32 33 34 24 2029
7 36 37 32 33 34 35 25 2335
5 36 37 32 31 26 1659
6 36 37 32 33 28 27 1879
5 36 37 32 33 28 1640
0 0
5 36 37 32 31 30 1652
4 36 37 32 31 1520
3 36 37 32 1278
4 36 37 32 33 1518
5 36 37 32 33 34 1680
6 36 37 32 33 34 35 1918
1 36 323
2 36 37 993
7 36 39 44 45 41 42 38 2197
2 36 39 673
4 36 39 44 40 1178
5 36 39 44 45 41 1545
6 36 39 44 45 41 42 1841
7 36 39 44 45 41 42 43 2077
3 36 39 44 947
4 36 39 44 45 1319
7 21 11 12 13 8 6 0 1798
7 21 11 12 13 8 6 1 1800
7 21 11 12 13 8 6 2 1974
8 21 11 12 13 8 6 2 3 2228
11 31 26 22 17 18 19 14 15 16 9 4 2395
8 21 11 12 13 8 6 0 5 2170
6 21 11 12 13 8 6 1558
6 21 11 12 13 8 7 2014
5 21 11 12 13 8 1340
10 31 26 22 17 18 19 14 15 16 9 1934
7 21 11 12 13 8 7 10 2354
2 21 11 673
3 21 11 12 803
4 21 11 12 13 1037
7 31 26 22 17 18 19 14 1286
8 31 26 22 17 18 19 14 15 1428
9 31 26 22 17 18 19 14 15 16 1674
4 31 26 22 17 707
5 31 26 22 17 18 947
6 31 26 22 17 18 19 1139
6 31 32 37 36 29 20 2048
1 21 340
3 31 26 22 496
5 31 26 27 28 23 966
5 31 32 33 34 24 1125
6 31 32 33 34 35 25 1431
2 31 26 271
3 31 26 27 493
4 31 26 27 28 732
5 31 32 37 36 29 1652
0 0
1 31 132
2 31 32 374
3 31 32 33 614
4 31 32 33 34 776
5 31 32 33 34 35 1014
4 31 32 37 36 1329
3 31 32 37 659
6 31 32 33 34 35 38 1310
6 31 32 37 40 44 39 1450
4 31 32 37 40 945
5 31 32 37 40 41 1332
6 31 32 37 40 41 42 1628
7 31 32 33 34 35 38 43 1704
5 31 32 37 40 44 1176
5 31 32 37 40 45 1158
8 26 22 17 12 13 8 6 0 1710
8 26 22 17 12 13 8 6 1 1712
8 26 22 17 12 13 8 6 2 1886
9 26 22 17 12 13 8 6 2 3 2140
10 26 22 17 18 19 14 15 16 9 4 2263
9 26 22 17 12 13 8 6 0 5 2082
7 26 22 17 12 13 8 6 1470
7 26 22 17 12 13 8 7 1926
6 26 22 17 12 13 8 1252
9 26 22 17 18 19 14 15 16 9 1802
6 32 37 36 29 20 10 2236
3 30 21 11 805
4 26 22 17 12 715
5 26 22 17 12 13 949
6 26 22 17 18 19 14 1154
7 26 22 17 18 19 14 15 1296
8 26 22 17 18 19 14 15 16 1542
3 26 22 17 575
4 26 22 17 18 815
5 26 22 17 18 19 1007
5 32 37 36 29 20 1916
2 30 21 472
2 26 22 364
4 26 27 28 23 834
4 32 33 34 24 993
5 32 33 34 35 25 1299
1 26 139
2 26 27 361
3 26 27 28 600
4 32 37 36 29 1520
1 30 132
0 0
1 32 242
2 32 33 482
3 32 33 34 644
4 32 33 34 35 882
3 32 37 36 1197
2 32 37 527
5 32 33 34 35 38 1178
5 32 37 40 44 39 1318
3 32 37 40 813
4 32 37 40 41 1200
5 32 37 40 41 42 1496
6 32 33 34 35 38 43 1572
4 32 37 40 44 1044
4 32 37 40 45 1026
9 31 26 22 17 12 13 8 6 0 1952
9 31 26 22 17 12 13 8 6 1 1954
9 31 26 22 17 12 13 8 6 2 2128
6 33 34 24 15 16 3 1995
7 33 34 24 15 16 9 4 2067
10 31 26 22 17 12 13 8 6 0 5 2324
8 31 26 22 17 12 13 8 6 1712
8 31 26 22 17 12 13 8 7 2168
7 31 26 22 17 12 13 8 1494
6 33 34 24 15 16 9 1606
5 37 36 29 20 10 1994
4 31 30 21 11 1047
5 31 26 22 17 12 957
6 31 26 22 17 12 13 1191
5 33 28 23 19 14 962
4 33 34 24 15 1100
5 33 34 24 15 16 1346
4 31 26 22 17 817
5 33 28 23 19 18 1007
4 33 28 23 19 815
4 37 36 29 20 1674
3 31 30 21 714
3 31 26 22 606
3 33 28 23 596
3 33 34 24 751
4 33 34 35 25 1057
2 31 26 381
3 33 28 27 601
2 33 28 362
3 37 36 29 1278
2 31 30 374
1 31 242
0 0
1 33 240
2 33 34 402
3 33 34 35 640
2 37 36 955
1 37 285
4 33 34 35 38 936
4 37 40 44 39 1076
2 37 40 571
3 37 40 41 958
4 37 40 41 42 1254
5 33 34 35 38 43 1330
3 37 40 44 802
3 37 40 45 784
8 28 23 19 14 13 8 6 0 1737
8 28 23 19 14 13 8 6 1 1739
8 28 23 19 14 13 8 6 2 1913
5 34 24 15 16 3 1755
6 34 24 15 16 9 4 1827
9 28 23 19 14 13 8 6 0 5 2109
7 28 23 19 14 13 8 6 1497
7 28 23 19 14 13 8 7 1953
6 28 23 19 14 13 8 1279
5 34 24 15 16 9 1366
6 32 37 36 29 20 10 2234
7 28 23 19 18 17 12 11 1277
6 28 23 19 18 17 12 1147
5 28 23 19 14 13 976
4 28 23 19 14 722
3 34 24 15 860
4 34 24 15 16 1106
5 28 23 19 18 17 1007
4 28 23 19 18 767
3 28 23 19 575
5 32 37 36 29 20 1914
4 32 31 30 21 954
4 28 27 26 22 808
2 28 23 356
2 34 24 511
3 34 35 25 817
3 28 27 26 583
2 28 27 361
1 28 122
4 32 37 36 29 1518
3 32 31 30 614
2 32 31 482
1 32 240
0 0
1 34 162
2 34 35 400
3 32 37 36 1195
2 32 37 525
3 34 35 38 696
5 32 37 40 44 39 1316
3 32 37 40 811
4 32 37 40 41 1198
3 34 35 42 1020
4 34 35 38 43 1090
4 32 37 40 44 1042
4 32 37 40 45 1024
7 24 15 14 13 8 6 0 1855
7 24 15 14 13 8 6 1 1857
5 24 15 16 3 2 1847
4 24 15 16 3 1593
5 24 15 16 9 4 1665
8 24 15 14 13 8 6 0 5 2227
6 24 15 14 13 8 6 1615
6 24 15 14 13 8 7 2071
5 24 15 14 13 8 1397
4 24 15 16 9 1204
7 33 32 37 36 29 20 10 2396
8 33 28 23 19 18 17 12 11 1439
7 33 28 23 19 18 17 12 1309
4 24 15 14 13 1094
3 24 15 14 840
2 24 15 698
3 24 15 16 944
6 33 28 23 19 18 17 1169
5 33 28 23 19 18 929
4 33 28 23 19 737
6 33 32 37 36 29 20 2076
5 33 32 31 30 21 1116
5 33 28 27 26 22 970
3 33 28 23 518
1 24 349
2 35 25 655
4 33 28 27 26 745
3 33 28 27 523
2 33 28 284
5 33 32 37 36 29 1680
4 33 32 31 30 776
3 33 32 31 644
2 33 32 402
1 33 162
0 0
1 35 238
4 33 32 37 36 1357
3 33 32 37 687
2 35 38 534
6 33 32 37 40 44 39 1478
4 33 32 37 40 973
3 35 42 41 1154
2 35 42 858
3 35 38 43 928
5 33 32 37 40 44 1204
5 33 32 37 40 45 1186
8 34 24 15 14 13 8 6 0 2093
4 16 3 2 1 1835
3 16 3 2 1611
2 16 3 1357
3 16 9 4 1429
9 34 24 15 14 13 8 6 0 5 2465
7 34 24 15 14 13 8 6 1853
7 34 24 15 14 13 8 7 2309
6 34 24 15 14 13 8 1635
2 16 9 968
8 34 33 32 37 36 29 20 10 2634
9 34 33 28 23 19 18 17 12 11 1677
8 34 33 28 23 19 18 17 12 1547
5 34 24 15 14 13 1332
4 34 24 15 14 1078
3 34 24 15 936
1 16 708
7 34 33 28 23 19 18 17 1407
6 34 33 28 23 19 18 1167
5 34 33 28 23 19 975
7 34 33 32 37 36 29 20 2314
6 34 33 32 31 30 21 1354
6 34 33 28 27 26 22 1208
4 34 33 28 23 756
2 34 24 587
1 25 417
5 34 33 28 27 26 983
4 34 33 28 27 761
3 34 33 28 522
6 34 33 32 37 36 29 1918
5 34 33 32 31 30 1014
4 34 33 32 31 882
3 34 33 32 640
2 34 33 400
1 34 238
0 0
5 34 33 32 37 36 1595
4 34 33 32 37 925
1 38 296
7 34 33 32 37 40 44 39 1716
5 34 33 32 37 40 1211
2 42 41 916
1 42 620
2 38 43 690
6 34 33 32 37 40 44 1442
3 42 41 45 1142
6 29 20 10 7 5 0 2027
7 29 20 10 7 5 0 1 2391
8 29 20 10 7 5 0 1 2 2615
9 29 20 10 7 5 0 1 2 3 2869
9 37 32 33 34 24 15 16 9 4 3022
5 29 20 10 7 5 1655
7 29 20 10 7 5 0 6 2267
4 29 20 10 7 1379
5 29 20 10 7 8 2053
8 37 32 33 34 24 15 16 9 2561
3 29 20 10 1039
6 37 32 31 30 21 11 2002
7 37 32 31 26 22 17 12 1912
8 37 32 31 26 22 17 12 13 2146
7 37 32 33 28 23 19 14 1917
6 37 32 33 34 24 15 2055
7 37 32 33 34 24 15 16 2301
6 37 32 31 26 22 17 1772
7 37 32 33 28 23 19 18 1962
6 37 32 33 28 23 19 1770
2 29 20 719
5 37 32 31 30 21 1669
5 37 32 31 26 22 1561
5 37 32 33 28 23 1551
5 37 32 33 34 24 1706
6 37 32 33 34 35 25 2012
4 37 32 31 26 1336
5 37 32 33 28 27 1556
4 37 32 33 28 1317
1 29 323
4 37 32 31 30 1329
3 37 32 31 1197
2 37 32 955
3 37 32 33 1195
4 37 32 33 34 1357
5 37 32 33 34 35 1595
0 0
1 37 670
6 39 44 45 41 42 38 1874
1 39 350
3 39 44 40 855
4 39 44 45 41 1222
5 39 44 45 41 42 1518
6 39 44 45 41 42 43 1754
2 39 44 624
3 39 44 45 996
10 32 31 26 22 17 12 13 8 6 0 2237
10 32 31 26 22 17 12 13 8 6 1 2239
10 32 31 26 22 17 12 13 8 6 2 2413
7 32 33 34 24 15 16 3 2280
8 32 33 34 24 15 16 9 4 2352
6 36 29 20 10 7 5 2325
9 32 31 26 22 17 12 13 8 6 1997
5 36 29 20 10 7 2049
8 32 31 26 22 17 12 13 8 1779
7 32 33 34 24 15 16 9 1891
4 36 29 20 10 1709
5 32 31 30 21 11 1332
6 32 31 26 22 17 12 1242
7 32 31 26 22 17 12 13 1476
6 32 33 28 23 19 14 1247
5 32 33 34 24 15 1385
6 32 33 34 24 15 16 1631
5 32 31 26 22 17 1102
6 32 33 28 23 19 18 1292
5 32 33 28 23 19 1100
3 36 29 20 1389
4 32 31 30 21 999
4 32 31 26 22 891
4 32 33 28 23 881
4 32 33 34 24 1036
5 32 33 34 35 25 1342
3 32 31 26 666
4 32 33 28 27 886
3 32 33 28 647
2 36 29 993
3 32 31 30 659
2 32 31 527
1 32 285
2 32 33 525
3 32 33 34 687
4 32 33 34 35 925
1 36 670
0 0
5 32 33 34 35 38 1221
3 40 44 39 791
1 40 286
2 40 41 673
3 40 41 42 969
4 40 41 42 43 1205
2 40 44 517
2 40 45 499
9 35 34 24 15 14 13 8 6 0 2389
5 35 16 3 2 1 2131
4 35 16 3 2 1907
3 35 16 3 1653
2 25 4 1656
10 35 34 24 15 14 13 8 6 0 5 2761
8 35 34 24 15 14 13 8 6 2149
8 35 34 24 15 14 13 8 7 2605
7 35 34 24 15 14 13 8 1931
2 25 9 1251
9 42 41 45 44 39 36 29 20 10 2913
10 35 34 33 28 23 19 18 17 12 11 1973
9 35 34 33 28 23 19 18 17 12 1843
6 35 34 24 15 14 13 1628
5 35 34 24 15 14 1374
4 35 34 24 15 1232
2 35 16 1004
8 35 34 33 28 23 19 18 17 1703
7 35 34 33 28 23 19 18 1463
6 35 34 33 28 23 19 1271
8 42 41 45 44 39 36 29 20 2593
7 35 34 33 32 31 30 21 1650
7 35 34 33 28 27 26 22 1504
5 35 34 33 28 23 1052
3 35 34 24 883
1 25 620
6 35 34 33 28 27 26 1279
5 35 34 33 28 27 1057
4 35 34 33 28 818
7 42 41 45 44 39 36 29 2197
6 35 34 33 32 31 30 1310
5 35 34 33 32 31 1178
4 35 34 33 32 936
3 35 34 33 696
2 35 34 534
1 35 296
6 42 41 45 44 39 36 1874
5 35 34 33 32 37 1221
0 0
5 42 41 45 44 39 1524
3 42 41 40 1039
2 42 41 652
1 42 356
1 43 394
4 42 41 45 44 1250
3 42 41 45 878
7 36 29 20 10 7 5 0 2377
8 36 29 20 10 7 5 0 1 2741
9 36 29 20 10 7 5 0 1 2 2965
10 44 40 37 32 33 34 24 15 16 3 3071
11 44 40 37 32 33 34 24 15 16 9 4 3143
6 36 29 20 10 7 5 2005
8 36 29 20 10 7 5 0 6 2617
5 36 29 20 10 7 1729
6 36 29 20 10 7 8 2403
10 44 40 37 32 33 34 24 15 16 9 2682
4 36 29 20 10 1389
8 44 40 37 32 31 30 21 11 2123
9 44 40 37 32 31 26 22 17 12 2033
10 44 40 37 32 31 26 22 17 12 13 2267
9 44 40 37 32 33 28 23 19 14 2038
8 44 40 37 32 33 34 24 15 2176
9 44 40 37 32 33 34 24 15 16 2422
8 44 40 37 32 31 26 22 17 1893
9 44 40 37 32 33 28 23 19 18 2083
8 44 40 37 32 33 28 23 19 1891
3 36 29 20 1069
7 44 40 37 32 31 30 21 1790
7 44 40 37 32 31 26 22 1682
7 44 40 37 32 33 28 23 1672
7 44 40 37 32 33 34 24 1827
8 44 40 37 32 33 34 35 25 2133
6 44 40 37 32 31 26 1457
7 44 40 37 32 33 28 27 1677
6 44 40 37 32 33 28 1438
2 36 29 673
6 44 40 37 32 31 30 1450
5 44 40 37 32 31 1318
4 44 40 37 32 1076
5 44 40 37 32 33 1316
6 44 40 37 32 33 34 1478
7 44 40 37 32 33 34 35 1716
1 36 350
3 44 40 37 791
5 44 45 41 42 38 1524
0 0
2 44 40 505
3 44 45 41 872
4 44 45 41 42 1168
5 44 45 41 42 43 1404
1 44 274
2 44 45 646
11 37 32 31 26 22 17 12 13 8 6 0 2523
11 37 32 31 26 22 17 12 13 8 6 1 2525
11 37 32 31 26 22 17 12 13 8 6 2 2699
8 37 32 33 34 24 15 16 3 2566
9 37 32 33 34 24 15 16 9 4 2638
8 44 39 36 29 20 10 7 5 2510
10 37 32 31 26 22 17 12 13 8 6 2283
7 44 39 36 29 20 10 7 2234
9 37 32 31 26 22 17 12 13 8 2065
8 37 32 33 34 24 15 16 9 2177
6 44 39 36 29 20 10 1894
6 37 32 31 30 21 11 1618
7 37 32 31 26 22 17 12 1528
8 37 32 31 26 22 17 12 13 1762
7 37 32 33 28 23 19 14 1533
6 37 32 33 34 24 15 1671
7 37 32 33 34 24 15 16 1917
6 37 32 31 26 22 17 1388
7 37 32 33 28 23 19 18 1578
6 37 32 33 28 23 19 1386
5 44 39 36 29 20 1574
5 37 32 31 30 21 1285
5 37 32 31 26 22 1177
5 37 32 33 28 23 1167
5 37 32 33 34 24 1322
6 37 32 33 34 35 25 1628
4 37 32 31 26 952
5 37 32 33 28 27 1172
4 37 32 33 28 933
4 44 39 36 29 1178
4 37 32 31 30 945
3 37 32 31 813
2 37 32 571
3 37 32 33 811
4 37 32 33 34 973
5 37 32 33 34 35 1211
3 44 39 36 855
1 37 286
3 41 42 38 1039
2 44 39 505
0 0
1 41 387
2 41 42 683
3 41 42 43 919
1 44 231
1 45 213
12 40 37 32 31 26 22 17 12 13 8 6 0 2910
6 42 35 16 3 2 1 2751
5 42 35 16 3 2 2527
4 42 35 16 3 2273
4 42 38 25 4 2308
9 45 44 39 36 29 20 10 7 5 2877
11 40 37 32 31 26 22 17 12 13 8 6 2670
8 45 44 39 36 29 20 10 7 2601
10 40 37 32 31 26 22 17 12 13 8 2452
4 42 35 16 9 1884
7 45 44 39 36 29 20 10 2261
7 40 37 32 31 30 21 11 2005
8 40 37 32 31 26 22 17 12 1915
9 40 37 32 31 26 22 17 12 13 2149
8 40 37 32 33 28 23 19 14 1920
5 42 35 34 24 15 1852
3 42 35 16 1624
7 40 37 32 31 26 22 17 1775
8 40 37 32 33 28 23 19 18 1965
7 40 37 32 33 28 23 19 1773
6 45 44 39 36 29 20 1941
6 40 37 32 31 30 21 1672
6 40 37 32 31 26 22 1564
6 40 37 32 33 28 23 1554
4 42 35 34 24 1503
3 42 38 25 1272
5 40 37 32 31 26 1339
6 40 37 32 33 28 27 1559
5 40 37 32 33 28 1320
5 45 44 39 36 29 1545
5 40 37 32 31 30 1332
4 40 37 32 31 1200
3 40 37 32 958
4 40 37 32 33 1198
3 42 35 34 1154
2 42 35 916
4 45 44 39 36 1222
2 40 37 673
2 42 38 652
3 45 44 39 872
1 40 387
0 0
1 42 296
2 42 43 532
2 45 44 598
1 45 226
9 35 34 24 15 14 13 8 6 0 2713
5 35 16 3 2 1 2455
4 35 16 3 2 2231
3 35 16 3 1977
3 38 25 4 2012
10 35 34 24 15 14 13 8 6 0 5 3085
8 35 34 24 15 14 13 8 6 2473
9 41 45 44 39 36 29 20 10 7 2897
7 35 34 24 15 14 13 8 2255
3 35 16 9 1588
8 41 45 44 39 36 29 20 10 2557
10 35 34 33 28 23 19 18 17 12 11 2297
9 35 34 33 28 23 19 18 17 12 2167
6 35 34 24 15 14 13 1952
5 35 34 24 15 14 1698
4 35 34 24 15 1556
2 35 16 1328
8 35 34 33 28 23 19 18 17 2027
7 35 34 33 28 23 19 18 1787
6 35 34 33 28 23 19 1595
7 41 45 44 39 36 29 20 2237
7 41 40 37 32 31 30 21 1968
7 35 34 33 28 27 26 22 1828
5 35 34 33 28 23 1376
3 35 34 24 1207
2 38 25 976
6 35 34 33 28 27 26 1603
5 35 34 33 28 27 1381
4 35 34 33 28 1142
6 41 45 44 39 36 29 1841
6 41 40 37 32 31 30 1628
5 41 40 37 32 31 1496
4 41 40 37 32 1254
3 35 34 33 1020
2 35 34 858
1 35 620
5 41 45 44 39 36 1518
3 41 40 37 969
1 38 356
4 41 45 44 39 1168
2 41 40 683
1 41 296
0 0
1 43 236
3 41 45 44 894
2 41 45 522
10 38 35 34 24 15 14 13 8 6 0 2783
5 25 9 3 2 1 2501
4 25 9 3 2 2277
3 25 9 3 2023
2 25 4 2005
11 38 35 34 24 15 14 13 8 6 0 5 3155
9 38 35 34 24 15 14 13 8 6 2543
9 38 35 34 24 15 14 13 8 7 2999
8 38 35 34 24 15 14 13 8 2325
2 25 9 1600
9 42 41 45 44 39 36 29 20 10 2793
11 38 35 34 33 28 23 19 18 17 12 11 2367
10 38 35 34 33 28 23 19 18 17 12 2237
7 38 35 34 24 15 14 13 2022
6 38 35 34 24 15 14 1768
5 38 35 34 24 15 1626
3 38 35 16 1398
9 38 35 34 33 28 23 19 18 17 2097
8 38 35 34 33 28 23 19 18 1857
7 38 35 34 33 28 23 19 1665
8 42 41 45 44 39 36 29 20 2473
8 38 35 34 33 32 31 30 21 2044
8 38 35 34 33 28 27 26 22 1898
6 38 35 34 33 28 23 1446
4 38 35 34 24 1277
1 25 969
7 38 35 34 33 28 27 26 1673
6 38 35 34 33 28 27 1451
5 38 35 34 33 28 1212
7 42 41 45 44 39 36 29 2077
7 38 35 34 33 32 31 30 1704
6 38 35 34 33 32 31 1572
5 38 35 34 33 32 1330
4 38 35 34 33 1090
3 38 35 34 928
2 38 35 690
6 42 41 45 44 39 36 1754
4 42 41 40 37 1205
1 38 394
5 42 41 45 44 39 1404
3 42 41 40 919
2 42 41 532
1 42 236
0 0
4 42 41 45 44 1130
3 42 41 45 758
8 39 36 29 20 10 7 5 0 2651
12 40 37 32 31 26 22 17 12 13 8 6 1 2756
12 40 37 32 31 26 22 17 12 13 8 6 2 2930
9 40 37 32 33 34 24 15 16 3 2797
10 40 37 32 33 34 24 15 16 9 4 2869
7 39 36 29 20 10 7 5 2279
11 40 37 32 31 26 22 17 12 13 8 6 2514
6 39 36 29 20 10 7 2003
10 40 37 32 31 26 22 17 12 13 8 2296
9 40 37 32 33 34 24 15 16 9 2408
5 39 36 29 20 10 1663
7 40 37 32 31 30 21 11 1849
8 40 37 32 31 26 22 17 12 1759
9 40 37 32 31 26 22 17 12 13 1993
8 40 37 32 33 28 23 19 14 1764
7 40 37 32 33 34 24 15 1902
8 40 37 32 33 34 24 15 16 2148
7 40 37 32 31 26 22 17 1619
8 40 37 32 33 28 23 19 18 1809
7 40 37 32 33 28 23 19 1617
4 39 36 29 20 1343
6 40 37 32 31 30 21 1516
6 40 37 32 31 26 22 1408
6 40 37 32 33 28 23 1398
6 40 37 32 33 34 24 1553
7 40 37 32 33 34 35 25 1859
5 40 37 32 31 26 1183
6 40 37 32 33 28 27 1403
5 40 37 32 33 28 1164
3 39 36 29 947
5 40 37 32 31 30 1176
4 40 37 32 31 1044
3 40 37 32 802
4 40 37 32 33 1042
5 40 37 32 33 34 1204
6 40 37 32 33 34 35 1442
2 39 36 624
2 40 37 517
4 45 41 42 38 1250
1 39 274
1 40 231
2 45 41 598
3 45 41 42 894
4 45 41 42 43 1130
0 0
1 45 372
12 40 37 32 31 26 22 17 12 13 8 6 0 2736
12 40 37 32 31 26 22 17 12 13 8 6 1 2738
6 41 42 35 16 3 2 2753
5 41 42 35 16 3 2499
5 41 42 38 25 4 2534
8 44 39 36 29 20 10 7 5 2651
11 40 37 32 31 26 22 17 12 13 8 6 2496
7 44 39 36 29 20 10 7 2375
10 40 37 32 31 26 22 17 12 13 8 2278
5 41 42 35 16 9 2110
6 44 39 36 29 20 10 2035
7 40 37 32 31 30 21 11 1831
8 40 37 32 31 26 22 17 12 1741
9 40 37 32 31 26 22 17 12 13 1975
8 40 37 32 33 28 23 19 14 1746
7 40 37 32 33 34 24 15 1884
4 41 42 35 16 1850
7 40 37 32 31 26 22 17 1601
8 40 37 32 33 28 23 19 18 1791
7 40 37 32 33 28 23 19 1599
5 44 39 36 29 20 1715
6 40 37 32 31 30 21 1498
6 40 37 32 31 26 22 1390
6 40 37 32 33 28 23 1380
6 40 37 32 33 34 24 1535
4 41 42 38 25 1498
5 40 37 32 31 26 1165
6 40 37 32 33 28 27 1385
5 40 37 32 33 28 1146
4 44 39 36 29 1319
5 40 37 32 31 30 1158
4 40 37 32 31 1026
3 40 37 32 784
4 40 37 32 33 1024
5 40 37 32 33 34 1186
3 41 42 35 1142
3 44 39 36 996
2 40 37 499
3 41 42 38 878
2 44 39 646
1 40 213
1 41 226
2 41 42 522
3 41 42 43 758
1 44 372
0 0
