17
-210 -260
0 -240
210 -260
0 -100
360 -200
310 0
360 200
110 0
210 260
0 240
-210 260
0 100
-360 200
-310 0
-360 -200
-110 0
0 0
2 1 3
2 0 2
2 1 3
5 0 2 7 15 16
2 5 7
2 4 6
2 5 7
5 3 4 6 11 16
2 9 11
2 8 10
2 9 11
5 7 8 10 15 16
2 13 15
2 12 14
2 13 15
5 3 11 12 14 16
4 3 7 11 15
0 0
1 1 210
2 1 2 420
1 3 264
3 3 7 4 732
4 3 7 6 5 938
3 3 7 6 732
2 3 7 412
4 3 16 11 8 728
5 3 16 11 10 9 938
4 3 16 11 10 728
3 3 16 11 464
3 3 15 12 732
4 3 15 14 13 938
3 3 15 14 732
2 3 15 412
2 3 16 364
1 0 210
0 0
1 2 210
2 2 3 474
4 2 3 7 4 942
5 2 3 7 6 5 1148
4 2 3 7 6 942
3 2 3 7 622
5 2 3 16 11 8 938
6 2 3 16 11 10 9 1148
5 2 3 16 11 10 938
4 2 3 16 11 674
4 2 3 15 12 942
5 2 3 15 14 13 1148
4 2 3 15 14 942
3 2 3 15 622
3 2 3 16 574
2 1 0 420
1 1 210
0 0
1 3 264
3 3 7 4 732
4 3 7 6 5 938
3 3 7 6 732
2 3 7 412
4 3 16 11 8 728
5 3 16 11 10 9 938
4 3 16 11 10 728
3 3 16 11 464
3 3 15 12 732
4 3 15 14 13 938
3 3 15 14 732
2 3 15 412
2 3 16 364
1 0 264
2 2 1 474
1 2 264
0 0
2 7 4 468
3 7 6 5 674
2 7 6 468
1 7 148
3 16 11 8 464
4 16 11 10 9 674
3 16 11 10 464
2 16 11 200
2 15 12 468
3 15 14 13 674
2 15 14 468
1 15 148
1 16 100
3 7 3 0 732
4 7 3 2 1 942
3 7 3 2 732
2 7 3 468
0 0
1 5 206
2 5 6 412
1 7 320
3 7 11 8 732
4 7 11 10 9 942
3 7 11 10 732
2 7 11 468
4 7 16 15 12 860
5 7 16 15 14 13 1066
4 7 16 15 14 860
3 7 16 15 540
2 7 16 430
4 6 7 3 0 938
5 6 7 3 2 1 1148
4 6 7 3 2 938
3 6 7 3 674
1 4 206
0 0
1 6 206
2 6 7 526
4 6 7 11 8 938
5 6 7 11 10 9 1148
4 6 7 11 10 938
3 6 7 11 674
5 6 7 16 15 12 1066
6 6 7 16 15 14 13 1272
5 6 7 16 15 14 1066
4 6 7 16 15 746
3 6 7 16 636
3 7 3 0 732
4 7 3 2 1 942
3 7 3 2 732
2 7 3 468
2 5 4 412
1 5 206
0 0
1 7 320
3 7 11 8 732
4 7 11 10 9 942
3 7 11 10 732
2 7 11 468
4 7 16 15 12 860
5 7 16 15 14 13 1066
4 7 16 15 14 860
3 7 16 15 540
2 7 16 430
2 3 0 412
3 3 2 1 622
2 3 2 412
1 3 148
1 4 320
2 6 5 526
1 6 320
0 0
2 11 8 412
3 11 10 9 622
2 11 10 412
1 11 148
3 16 15 12 540
4 16 15 14 13 746
3 16 15 14 540
2 16 15 220
1 16 110
4 11 16 3 0 728
5 11 16 3 2 1 938
4 11 16 3 2 728
3 11 16 3 464
3 11 7 4 732
4 11 7 6 5 938
3 11 7 6 732
2 11 7 412
0 0
1 9 210
2 9 10 420
1 11 264
3 11 15 12 732
4 11 15 14 13 938
3 11 15 14 732
2 11 15 412
2 11 16 364
5 10 11 16 3 0 938
6 10 11 16 3 2 1 1148
5 10 11 16 3 2 938
4 10 11 16 3 674
4 10 11 7 4 942
5 10 11 7 6 5 1148
4 10 11 7 6 942
3 10 11 7 622
1 8 210
0 0
1 10 210
2 10 11 474
4 10 11 15 12 942
5 10 11 15 14 13 1148
4 10 11 15 14 942
3 10 11 15 622
3 10 11 16 574
4 11 16 3 0 728
5 11 16 3 2 1 938
4 11 16 3 2 728
3 11 16 3 464
3 11 7 4 732
4 11 7 6 5 938
3 11 7 6 732
2 11 7 412
2 9 8 420
1 9 210
0 0
1 11 264
3 11 15 12 732
4 11 15 14 13 938
3 11 15 14 732
2 11 15 412
2 11 16 364
3 16 3 0 464
4 16 3 2 1 674
3 16 3 2 464
2 16 3 200
2 7 4 468
3 7 6 5 674
2 7 6 468
1 7 148
1 8 264
2 10 9 474
1 10 264
0 0
2 15 12 468
3 15 14 13 674
2 15 14 468
1 15 148
1 16 100
3 15 3 0 732
4 15 3 2 1 942
3 15 3 2 732
2 15 3 468
4 15 16 7 4 860
5 15 16 7 6 5 1066
4 15 16 7 6 860
3 15 16 7 540
3 15 11 8 732
4 15 11 10 9 942
3 15 11 10 732
2 15 11 468
0 0
1 13 206
2 13 14 412
1 15 320
2 15 16 430
4 14 15 3 0 938
5 14 15 3 2 1 1148
4 14 15 3 2 938
3 14 15 3 674
5 14 15 16 7 4 1066
6 14 15 16 7 6 5 1272
5 14 15 16 7 6 1066
4 14 15 16 7 746
4 14 15 11 8 938
5 14 15 11 10 9 1148
4 14 15 11 10 938
3 14 15 11 674
1 12 206
0 0
1 14 206
2 14 15 526
3 14 15 16 636
3 15 3 0 732
4 15 3 2 1 942
3 15 3 2 732
2 15 3 468
4 15 16 7 4 860
5 15 16 7 6 5 1066
4 15 16 7 6 860
3 15 16 7 540
3 15 11 8 732
4 15 11 10 9 942
3 15 11 10 732
2 15 11 468
2 13 12 412
1 13 206
0 0
1 15 320
2 15 16 430
2 3 0 412
3 3 2 1 622
2 3 2 412
1 3 148
3 16 7 4 540
4 16 7 6 5 746
3 16 7 6 540
2 16 7 220
2 11 8 412
3 11 10 9 622
2 11 10 412
1 11 148
1 12 320
2 14 13 526
1 14 320
0 0
1 16 110
2 3 0 364
3 3 2 1 574
2 3 2 364
1 3 100
2 7 4 430
3 7 6 5 636
2 7 6 430
1 7 110
2 11 8 364
3 11 10 9 574
2 11 10 364
1 11 100
2 15 12 430
3 15 14 13 636
2 15 14 430
1 15 110
0 0
0 0
1 1 210
2 1 2 420
1 3 264
3 3 7 4 732
4 3 7 6 5 938
3 3 7 6 732
2 3 7 412
4 3 16 11 8 728
5 3 16 11 10 9 938
4 3 16 11 10 728
3 3 16 11 464
3 3 15 12 732
4 3 15 14 13 938
3 3 15 14 732
2 3 15 412
2 3 16 364
1 0 210
0 0
1 2 210
2 2 3 474
4 2 3 7 4 942
5 2 3 7 6 5 1148
4 2 3 7 6 942
3 2 3 7 622
5 2 3 16 11 8 938
6 2 3 16 11 10 9 1148
5 2 3 16 11 10 938
4 2 3 16 11 674
4 2 3 15 12 942
5 2 3 15 14 13 1148
4 2 3 15 14 942
3 2 3 15 622
3 2 3 16 574
2 1 0 420
1 1 210
0 0
1 3 264
3 3 7 4 732
4 3 7 6 5 938
3 3 7 6 732
2 3 7 412
4 3 16 11 8 728
5 3 16 11 10 9 938
4 3 16 11 10 728
3 3 16 11 464
3 3 15 12 732
4 3 15 14 13 938
3 3 15 14 732
2 3 15 412
2 3 16 364
1 0 264
2 2 1 474
1 2 264
0 0
2 7 4 468
3 7 6 5 674
2 7 6 468
1 7 148
3 16 11 8 464
4 16 11 10 9 674
3 16 11 10 464
2 16 11 200
2 15 12 468
3 15 14 13 674
2 15 14 468
1 15 148
1 16 100
3 7 3 0 732
4 7 3 2 1 942
3 7 3 2 732
2 7 3 468
0 0
1 5 206
2 5 6 412
1 7 320
3 7 11 8 732
4 7 11 10 9 942
3 7 11 10 732
2 7 11 468
4 7 16 15 12 860
5 7 16 15 14 13 1066
4 7 16 15 14 860
3 7 16 15 540
2 7 16 430
4 6 7 3 0 938
5 6 7 3 2 1 1148
4 6 7 3 2 938
3 6 7 3 674
1 4 206
0 0
1 6 206
2 6 7 526
4 6 7 11 8 938
5 6 7 11 10 9 1148
4 6 7 11 10 938
3 6 7 11 674
5 6 7 16 15 12 1066
6 6 7 16 15 14 13 1272
5 6 7 16 15 14 1066
4 6 7 16 15 746
3 6 7 16 636
3 7 3 0 732
4 7 3 2 1 942
3 7 3 2 732
2 7 3 468
2 5 4 412
1 5 206
0 0
1 7 320
3 7 11 8 732
4 7 11 10 9 942
3 7 11 10 732
2 7 11 468
4 7 16 15 12 860
5 7 16 15 14 13 1066
4 7 16 15 14 860
3 7 16 15 540
2 7 16 430
2 3 0 412
3 3 2 1 622
2 3 2 412
1 3 148
1 4 320
2 6 5 526
1 6 320
0 0
2 11 8 412
3 11 10 9 622
2 11 10 412
1 11 148
3 16 15 12 540
4 16 15 14 13 746
3 16 15 14 540
2 16 15 220
1 16 110
4 11 16 3 0 728
5 11 16 3 2 1 938
4 11 16 3 2 728
3 11 16 3 464
3 11 7 4 732
4 11 7 6 5 938
3 11 7 6 732
2 11 7 412
0 0
1 9 210
2 9 10 420
1 11 264
3 11 15 12 732
4 11 15 14 13 938
3 11 15 14 732
2 11 15 412
2 11 16 364
5 10 11 16 3 0 938
6 10 11 16 3 2 1 1148
5 10 11 16 3 2 938
4 10 11 16 3 674
4 10 11 7 4 942
5 10 11 7 6 5 1148
4 10 11 7 6 942
3 10 11 7 622
1 8 210
0 0
1 10 210
2 10 11 474
4 10 11 15 12 942
5 10 11 15 14 13 1148
4 10 11 15 14 942
3 10 11 15 622
3 10 11 16 574
4 11 16 3 0 728
5 11 16 3 2 1 938
4 11 16 3 2 728
3 11 16 3 464
3 11 7 4 732
4 11 7 6 5 938
3 11 7 6 732
2 11 7 412
2 9 8 420
1 9 210
0 0
1 11 264
3 11 15 12 732
4 11 15 14 13 938
3 11 15 14 732
2 11 15 412
2 11 16 364
3 16 3 0 464
4 16 3 2 1 674
3 16 3 2 464
2 16 3 200
2 7 4 468
3 7 6 5 674
2 7 6 468
1 7 148
1 8 264
2 10 9 474
1 10 264
0 0
2 15 12 468
3 15 14 13 674
2 15 14 468
1 15 148
1 16 100
3 15 3 0 732
4 15 3 2 1 942
3 15 3 2 732
2 15 3 468
4 15 16 7 4 860
5 15 16 7 6 5 1066
4 15 16 7 6 860
3 15 16 7 540
3 15 11 8 732
4 15 11 10 9 942
3 15 11 10 732
2 15 11 468
0 0
1 13 206
2 13 14 412
1 15 320
2 15 16 430
4 14 15 3 0 938
5 14 15 3 2 1 1148
4 14 15 3 2 938
3 14 15 3 674
5 14 15 16 7 4 1066
6 14 15 16 7 6 5 1272
5 14 15 16 7 6 1066
4 14 15 16 7 746
4 14 15 11 8 938
5 14 15 11 10 9 1148
4 14 15 11 10 938
3 14 15 11 674
1 12 206
0 0
1 14 206
2 14 15 526
3 14 15 16 636
3 15 3 0 732
4 15 3 2 1 942
3 15 3 2 732
2 15 3 468
4 15 16 7 4 860
5 15 16 7 6 5 1066
4 15 16 7 6 860
3 15 16 7 540
3 15 11 8 732
4 15 11 10 9 942
3 15 11 10 732
2 15 11 468
2 13 12 412
1 13 206
0 0
1 15 320
2 15 16 430
2 3 0 412
3 3 2 1 622
2 3 2 412
1 3 148
3 16 7 4 540
4 16 7 6 5 746
3 16 7 6 540
2 16 7 220
2 11 8 412
3 11 10 9 622
2 11 10 412
1 11 148
1 12 320
2 14 13 526
1 14 320
0 0
1 16 110
2 3 0 364
3 3 2 1 574
2 3 2 364
1 3 100
2 7 4 430
3 7 6 5 636
2 7 6 430
1 7 110
2 11 8 364
3 11 10 9 574
2 11 10 364
1 11 100
2 15 12 430
3 15 14 13 636
2 15 14 430
1 15 110
0 0