1948 2197
46
757 55
1121 61
1339 115
1593 97
1875 87
423 221
935 217
259 443
933 435
1689 509
107 748
575 748
705 744
939 738
1193 744
1335 750
1581 746
729 882
969 894
1161 888
95 1068
571 1081
743 1093
1131 1105
1335 1099
1835 1123
721 1317
943 1297
1179 1335
127 1463
571 1421
699 1455
941 1461
1181 1457
1343 1448
1581 1454
265 1756
935 1746
1695 1728
495 2020
929 2032
1315 2066
1611 2074
1847 2092
733 2156
1105 2152
3 1 5 6
3 0 2 6
3 1 3 6
4 2 4 9 16
3 3 9 25
2 0 7
4 0 1 2 8
3 5 8 10
3 6 7 13
4 3 4 16 25
2 7 20
2 12 21
3 11 13 17
3 8 12 14
3 13 15 19
3 14 16 24
5 3 9 15 25 35
3 12 18 22
2 17 19
3 14 18 23
2 10 29
2 11 30
2 17 26
2 19 28
2 15 34
6 4 9 16 35 38 43
3 22 27 31
2 26 28
3 23 27 33
2 20 36
2 21 31
3 26 30 32
3 31 33 37
3 32 28 34
3 24 33 35
5 16 25 34 38 42
3 29 37 39
3 32 36 40
4 25 35 42 43
2 36 44
4 37 41 44 45
3 40 42 45
4 35 38 41 43
3 25 38 42
3 39 40 45
3 40 41 44