70
250 53 -100
727 63 1
1249 73 2
1761 107 3
2215 29 4
903 173 5
1065 277 6
1347 183 7
1751 315 8
1961 419 9
2209 545 10
183 423 11
419 351 12
737 255 13
907 387 14
1397 437 15
119 709 16
351 717 17
557 611 18
1251 703 19
1621 719 20
1943 787 21
151 818 22
455 800 23
35 929 24
601 96 25
35 1220 26
171 1208 27
339 1260 28
697 1174 29
935 1130 30
1035 1146 31
1377 1089 32
1747 1054 33
1821 1052 34
1949 1052 35
2195 1060 36
47 1391 37
145 1415 38
569 1526 39
1327 1454 40
1547 1236 41
1527 1440 42
1727 1340 43
1855 1404 44
2269 1060 45
33 1494 46
1273 1636 47
1421 1712 48
1657 1850 49
1791 1859 50
1947 1536 51
2179 1897 52
167 1863 53
335 1775 54
987 1805 55
1155 1915 56
1485 2129 57
1987 2275 58
1880 2200 59
2017 2141 60
2171 2169 61
209 1985 62
133 2139 63
287 2207 64
489 2127 65
991 2201 66
1205 2081 67
2159 2289 68
241 1314 69
1 11
3 2 5 13
4 1 5 6 7
3 4 7 8
3 3 8 10
5 1 2 6 7 13
6 2 5 7 14 15 19
5 2 3 6 8 15
5 3 4 7 9 15
3 8 10 21
4 4 9 21 36<<<10
3 0 12 16
3 11 13 18
3 1 5 12
3 5 6 18
5 6 7 8 1 20
2 11 22
3 16 18 23
4 12 14 17 23
4 6 15 20 32
6 15 19 21 32 33 34<<<20
4 9 10 20 35
3 16 17 24
4 17 18 27 25
2 22 26
2 23 29
3 24 27 37
4 23 26 28 69
3 27 29 69
4 25 28 30 39
2 29 31<<<30
2 30 32
6 19 20 31 33 40 41
4 20 32 34 43
3 20 33 35
3 21 34 36
4 10 35 45 52
3 26 38 46
3 37 54 69
4 29 54 55 69
2 32 47<<<40
3 32 42 43
4 41 43 44 48
4 33 41 42 44
3 42 43 51
1 36
2 37 53
3 32 48 56
3 42 47 50
5 48 50 57 58 59
3 49 51 52<<<50
3 44 50 52
4 36 50 51 61
3 46 54 62
4 38 39 53 65
4 39 56 65 66
5 47 55 57 66 67
4 49 56 58 67
3 49 57 9
3 49 58 60
2 51 61<<<60
3 52 60 68
3 53 63 64
2 62 64
3 62 63 65
4 54 55 64 66
4 55 56 65 67
3 56 57 66
1 61
4 27 28 38 39